102 101
101 102
100 101
103 101
103 102
99 101
101 103
104 101
101 104
100 100
100 104
105 101
99 100
99 99
99 102
106 101
98 99
106 100
98 102
97 102
106 99
97 103
97 104
97 99
96 102
97 105
96 105
106 98
96 99
96 98
100 105
95 105
95 99
100 106
94 105
96 97
100 107
94 106
101 105
93 105
107 98
95 100
96 96
99 107
101 106
93 106
106 102
95 96
96 95
95 95
100 108
99 98
102 106
95 106
92 106
106 97
100 109
94 99
101 109
104 100
96 94
99 97
106 96
107 102
106 95
95 102
100 97
100 96
102 109
96 93
100 110
107 103
106 94
106 93
100 111
107 104
105 93
93 99
97 94
91 106
91 105
100 112
97 93
93 98
97 92
99 111
108 98
108 104
91 104
100 113
107 94
91 103
109 98
101 113
93 97
100 114
110 98
94 95
102 108
92 107
100 115
109 97
106 92
91 107
100 116
111 98
109 96
100 117
99 116
108 105
109 95
94 100
109 104
98 111
110 104
90 107
105 92
91 102
107 92
100 95
101 115
98 116
109 94
92 97
100 118
105 95
109 93
100 119
100 120
108 106
98 110
112 98
108 107
99 120
112 99
105 94
112 100
98 120
106 91
91 97
90 97
100 121
106 90
94 94
102 115
98 121
101 112
104 95
113 100
107 90
101 118
97 116
97 91
100 122
96 116
108 108
108 90
95 116
109 90
101 122
95 117
95 118
95 115
109 108
110 96
102 122
95 119
109 109
113 99
110 90
110 89
98 122
90 102
93 107
106 89
89 107
114 99
114 100
94 115
99 122
102 123
88 107
89 102
89 97
90 96
110 109
106 88
101 111
89 98
94 93
105 88
106 87
93 93
114 101
93 92
98 123
111 89
103 122
94 118
111 109
110 95
93 91
92 91
92 90
98 124
110 91
91 91
102 118
112 109
103 95
102 124
105 87
111 88
93 118
111 87
111 104
99 124
111 86
93 115
112 89
87 107
97 124
114 102
91 92
91 90
102 119
87 106
89 96
87 105
111 110
112 86
92 118
90 90
102 125
89 90
97 90
92 115
89 89
96 124
95 120
102 126
107 87
114 98
96 125
111 95
96 126
113 89
92 119
105 86
97 98
113 86
87 108
91 93
104 122
102 127
88 102
113 85
115 100
92 89
112 104
97 89
112 105
114 89
92 88
115 89
91 115
115 90
116 90
117 90
96 127
93 88
92 87
95 127
107 86
95 126
94 127
102 128
105 85
92 120
102 129
102 130
110 86
88 98
104 93
87 98
101 130
92 114
91 118
86 108
111 111
117 91
91 87
102 131
113 84
90 87
118 91
106 85
102 132
96 128
104 87
87 104
87 109
93 87
104 123
110 85
88 99
92 86
111 85
87 110
89 91
94 128
118 90
115 101
86 105
90 86
90 118
110 84
114 86
115 102
103 128
114 84
93 127
102 133
104 128
89 88
103 133
86 110
114 83
88 88
88 87
105 128
111 112
118 89
103 115
106 128
88 90
88 86
88 101
87 101
87 87
119 91
88 91
100 130
102 134
111 113
104 124
114 82
107 128
86 87
102 135
85 87
86 111
86 101
116 100
106 127
102 136
86 86
113 105
104 85
103 135
87 91
92 121
105 122
106 84
89 118
119 89
86 98
119 92
86 97
105 84
120 89
116 99
111 114
91 116
115 83
101 136
104 135
120 90
116 83
116 82
89 117
86 91
112 108
85 88
92 127
86 85
108 128
107 89
117 83
86 84
103 136
120 92
90 85
104 136
91 121
117 100
85 101
112 112
116 81
111 115
85 91
101 137
96 129
105 135
85 84
84 101
85 111
106 83
105 83
103 137
121 92
105 136
112 115
90 84
92 128
86 112
120 88
113 109
113 82
114 109
92 129
109 84
85 83
84 111
84 84
101 138
101 139
105 102
86 96
106 126
84 83
85 105
103 138
118 100
90 83
84 88
100 138
84 100
86 113
83 100
84 85
83 83
101 140
113 115
121 93
91 129
82 100
121 88
91 122
88 117
87 117
90 129
86 95
121 94
102 140
104 129
91 130
90 82
91 82
117 81
117 80
92 82
103 140
96 130
121 87
84 112
86 117
108 129
84 113
90 130
91 131
84 105
122 92
108 127
100 140
99 108
85 96
118 83
115 109
114 115
117 79
84 87
115 115
83 113
90 131
116 115
100 141
105 137
83 88
118 92
90 128
85 117
103 93
99 141
95 130
95 131
104 83
83 82
99 142
82 113
98 142
99 130
104 140
98 89
99 143
108 130
116 109
89 131
82 83
116 114
85 92
99 144
84 82
82 88
82 99
122 87
116 108
81 99
99 145
82 84
103 83
117 78
90 132
116 80
82 82
99 138
81 88
114 81
99 146
88 131
122 93
106 136
104 141
100 146
82 112
123 92
118 79
109 129
99 147
81 87
123 87
85 108
80 99
112 116
84 117
107 136
118 78
87 131
99 148
114 80
105 138
80 100
80 101
118 101
81 82
84 92
105 134
124 87
90 81
119 78
110 129
90 80
111 129
87 132
89 129
117 77
99 140
80 88
89 132
84 118
91 84
79 88
82 111
120 78
111 128
85 82
84 81
81 81
89 83
121 78
102 83
116 107
81 80
106 138
86 104
99 149
98 149
98 147
114 79
79 101
122 78
81 112
122 77
103 82
98 146
83 117
81 79
124 92
107 138
124 93
97 142
103 109
116 113
122 76
122 75
117 113
97 149
117 112
79 100
125 92
81 78
108 138
99 150
98 109
92 96
116 106
82 85
112 129
93 126
78 88
122 79
97 147
78 89
80 80
77 88
109 138
86 131
97 115
80 112
77 87
80 98
99 151
98 151
76 88
85 131
125 87
117 115
126 92
100 148
99 152
100 145
92 81
118 113
127 92
117 106
117 76
121 75
79 112
118 106
93 82
118 115
100 149
107 135
86 90
110 138
93 81
90 133
123 75
82 79
114 78
118 116
78 87
125 93
108 139
116 76
79 102
117 111
96 142
127 91
101 149
76 89
89 80
101 146
105 82
124 75
79 113
98 152
125 75
85 132
85 133
79 80
84 132
100 152
81 77
117 75
82 117
118 102
101 148
108 140
78 112
102 113
81 76
82 76
123 74
102 146
78 102
75 88
128 91
82 75
83 132
97 151
125 76
126 76
75 87
100 129
127 76
79 79
80 77
112 82
91 133
74 88
80 76
96 151
118 111
90 122
119 116
82 74
124 94
117 74
110 137
102 149
111 137
89 122
91 80
84 119
97 141
110 139
77 112
102 137
79 76
113 129
111 136
123 73
101 152
76 112
124 95
111 139
74 89
91 79
97 152
79 114
102 84
88 129
102 152
96 149
95 149
128 90
103 146
102 153
113 128
79 75
78 76
96 119
121 95
74 87
77 102
99 153
82 132
74 90
102 154
118 74
109 140
112 136
120 116
113 127
124 96
104 146
81 132
123 72
103 154
122 72
101 154
117 73
101 155
73 89
105 81
78 100
90 119
78 75
95 150
91 127
103 81
113 126
99 154
127 77
78 74
122 71
110 140
126 75
81 117
112 135
110 141
104 154
121 116
122 70
101 156
89 79
94 149
121 72
78 73
129 91
121 71
101 157
100 157
112 139
103 94
92 79
111 141
125 96
77 113
127 75
113 136
104 155
104 156
99 157
130 91
96 143
105 156
128 77
103 156
78 103
82 118
127 74
104 115
85 130
77 103
106 156
127 73
75 112
88 79
80 132
117 72
106 155
80 131
122 116
82 110
80 117
122 69
92 78
105 157
82 119
113 130
127 93
83 92
80 133
74 112
105 80
73 112
119 113
77 73
74 113
123 79
128 74
93 80
127 78
128 73
77 86
85 129
124 97
122 68
118 107
124 72
128 75
90 123
117 89
79 133
95 151
94 151
116 74
129 73
127 72
127 94
130 73
105 79
116 72
82 92
123 68
97 146
125 97
77 75
113 125
130 74
123 116
87 133
104 153
84 99
76 73
90 79
78 133
72 89
130 72
119 101
78 72
73 111
107 155
127 79
98 157
82 73
99 158
98 158
115 72
107 156
105 153
106 79
108 102
131 74
111 105
114 129
131 72
78 71
73 110
77 85
101 158
78 134
77 133
78 70
131 71
81 101
132 71
72 90
76 102
106 78
78 79
107 154
72 111
128 89
115 129
107 157
76 72
94 148
77 134
115 71
120 71
74 114
124 98
75 73
72 88
128 94
115 86
133 71
122 67
78 104
78 69
127 80
132 74
129 89
105 146
77 69
71 88
115 70
74 73
80 89
83 133
97 158
124 116
84 133
128 72
129 77
134 71
93 149
115 130
113 139
94 152
81 73
97 159
104 79
102 158
123 67
115 69
110 136
133 74
70 88
129 94
92 77
134 70
124 67
72 110
76 69
75 69
77 104
123 115
97 160
108 156
73 114
83 74
114 139
76 134
75 111
125 116
130 94
130 92
98 160
123 66
92 149
72 87
106 157
98 156
74 74
82 120
96 160
95 160
77 114
103 149
114 72
125 115
99 113
94 160
126 97
134 74
77 79
84 74
74 72
132 70
75 68
123 65
74 68
96 91
131 70
131 91
129 78
112 117
107 153
76 135
108 153
73 68
91 149
106 77
125 67
130 77
75 134
94 161
71 111
77 68
91 77
123 64
135 71
83 76
93 161
136 71
94 159
93 77
111 106
94 81
136 70
132 69
115 131
115 132
126 98
78 85
92 76
90 149
99 160
80 130
137 71
93 162
90 150
114 136
77 67
111 142
138 71
109 153
96 161
131 77
96 162
125 114
82 72
134 75
131 94
70 111
114 132
74 67
74 134
105 158
93 152
116 69
77 66
93 76
131 95
77 132
126 99
131 96
77 65
110 153
74 66
94 82
125 99
115 139
125 117
78 67
126 114
109 156
74 133
78 65
108 84
122 64
118 117
107 158
74 86
123 63
72 91
93 153
104 96
114 69
112 141
138 70
115 136
112 142
131 69
89 149
97 162
131 97
134 69
130 78
125 118
75 102
73 133
131 78
72 68
78 64
98 162
92 161
78 63
93 159
126 113
74 102
73 66
107 159
118 103
94 147
131 93
85 74
93 163
127 81
110 156
121 64
109 152
78 62
76 75
92 160
132 94
123 62
87 113
78 66
78 61
73 132
139 70
88 149
139 71
116 139
116 136
111 153
116 132
92 159
140 71
74 85
87 149
73 74
72 132
131 98
77 61
132 68
127 99
73 134
135 75
96 163
73 135
102 159
125 119
70 87
114 73
136 75
77 60
72 86
88 118
122 62
127 113
93 86
115 140
79 104
88 110
74 101
69 111
76 136
73 115
72 66
72 134
83 72
116 68
73 116
141 71
74 132
69 110
71 134
117 132
73 72
107 160
106 160
96 164
84 72
75 103
132 93
91 159
133 94
72 92
113 142
131 99
106 161
126 112
70 112
113 108
79 62
132 97
74 103
112 153
132 91
142 71
91 161
102 160
116 140
77 59
69 109
131 79
107 161
137 75
106 162
70 89
114 125
77 136
117 140
72 85
73 101
73 117
132 98
91 148
75 132
107 162
131 68
73 100
71 85
133 95
92 163
90 159
77 58
118 140
132 67
124 62
118 141
77 63
89 150
76 63
142 70
105 161
111 156
72 131
112 156
136 76
91 76
124 63
78 60
73 118
137 76
90 127
71 66
90 161
70 66
71 68
142 72
71 131
135 69
72 74
108 135
114 97
113 72
125 86
70 85
73 99
126 100
102 161
141 72
98 163
69 85
89 151
76 58
92 153
119 107
76 59
131 67
69 66
108 162
76 57
126 101
68 66
79 61
127 82
108 163
123 61
112 118
143 72
96 165
72 93
102 112
98 141
139 69
131 66
69 87
119 141
79 130
84 134
99 163
72 118
143 70
72 75
90 162
120 64
76 56
113 156
69 86
137 77
143 69
95 165
68 67
116 137
144 70
89 161
79 69
116 67
118 72
83 71
75 57
145 70
106 76
74 84
121 62
135 68
146 70
72 119
89 162
107 163
89 152
74 57
128 113
147 70
147 69
70 131
131 100
135 67
68 109
126 119
113 157
130 66
123 60
129 66
68 111
139 68
147 68
116 66
72 130
94 117
120 141
89 159
73 136
71 130
113 155
124 65
77 80
123 59
105 76
73 137
71 93
133 91
135 66
98 138
106 163
68 65
128 114
147 67
125 62
78 136
121 141
127 119
74 56
89 163
73 57
70 93
92 164
129 114
107 164
148 68
122 59
87 148
88 161
134 95
68 86
147 71
130 114
86 148
80 118
131 114
122 141
119 102
123 141
124 59
139 67
89 164
70 130
94 76
121 61
91 134
71 74
99 137
107 165
139 66
77 57
69 88
67 65
118 142
77 137
72 57
71 129
88 160
116 65
76 55
89 165
124 141
67 86
123 58
107 166
135 95
148 67
136 95
125 141
69 93
71 57
146 71
68 108
123 57
71 69
116 64
110 103
66 86
125 140
70 92
68 68
89 166
89 167
115 64
138 77
67 87
143 73
70 57
87 160
116 63
114 155
149 68
77 138
119 142
69 57
70 134
125 59
71 56
65 86
114 128
64 86
107 152
71 118
70 118
67 108
81 120
68 107
135 96
64 85
123 76
131 101
149 69
74 137
70 74
63 86
144 73
94 165
69 58
79 105
88 166
115 65
148 71
69 118
77 55
69 117
126 120
77 54
132 114
136 74
108 165
133 90
147 66
68 118
124 119
85 148
69 59
114 64
77 78
115 128
118 118
95 142
68 93
121 59
74 55
85 149
137 95
69 134
147 65
70 119
127 120
88 165
135 65
140 66
123 56
132 113
84 71
147 64
120 140
129 115
66 65
126 140
115 67
132 115
75 55
120 59
119 59
68 94
88 167
141 66
71 55
86 160
123 55
90 167
67 94
146 64
112 152
74 54
70 113
84 149
136 94
106 166
119 143
114 154
138 95
78 57
68 119
85 71
101 160
66 108
84 148
71 119
77 53
130 115
148 64
68 134
71 94
67 118
132 79
90 158
123 54
68 135
126 81
76 53
139 95
87 165
140 95
65 65
99 164
76 80
124 54
135 64
94 75
63 87
127 140
94 142
107 167
68 57
149 64
139 96
128 140
68 56
66 118
144 74
95 76
75 131
88 104
65 64
109 165
68 64
131 113
68 92
133 114
119 144
64 87
129 140
139 77
141 65
64 84
123 53
112 95
107 168
68 133
142 65
144 75
74 53
145 75
65 118
118 144
78 55
131 112
102 94
144 76
150 64
125 54
125 61
145 76
113 158
125 58
106 168
127 121
108 160
86 109
87 167
140 96
146 75
68 136
127 141
66 107
68 69
114 158
86 159
74 83
73 138
64 65
130 140
65 119
128 141
118 59
114 153
127 122
151 64
66 94
65 94
125 53
108 168
99 165
139 76
136 93
90 134
122 55
110 165
83 149
68 106
64 66
68 132
67 133
130 141
65 66
106 82
108 91
140 94
98 165
146 76
110 164
122 142
115 76
78 54
146 77
151 65
74 138
141 96
66 109
74 139
147 75
111 164
86 161
91 75
139 78
86 167
90 168
135 97
64 94
71 120
64 88
86 162
64 89
107 169
134 114
116 130
66 95
105 141
141 94
146 78
152 65
79 57
79 54
112 164
136 64
126 61
136 63
132 112
115 154
132 99
85 70
133 99
63 65
135 114
68 120
151 63
85 147
127 83
149 63
118 58
63 66
131 140
124 142
65 107
123 52
128 119
72 138
105 168
86 83
66 96
118 57
141 64
153 65
130 139
132 140
108 169
134 99
69 74
153 66
79 53
64 95
150 69
142 64
112 165
77 52
130 142
109 168
150 70
120 139
130 143
126 139
152 66
121 55
63 95
63 89
85 167
65 67
136 114
67 57
137 114
153 67
82 86
62 95
130 138
117 57
62 87
116 154
85 161
153 64
68 55
131 138
64 118
126 53
68 137
112 166
79 118
73 53
148 75
154 64
67 137
79 52
66 57
108 170
113 164
79 136
75 139
111 166
85 146
66 133
65 106
155 64
67 55
138 114
113 79
109 169
153 68
69 130
67 138
65 63
125 57
67 54
117 58
107 170
116 57
131 137
142 94
70 65
80 52
80 136
146 79
120 113
87 130
128 122
126 52
79 63
155 63
83 148
64 63
64 62
66 132
122 53
131 143
86 168
156 63
121 53
106 122
89 160
66 131
63 67
147 79
111 167
66 134
83 150
116 56
110 169
91 167
116 58
77 51
66 138
136 62
129 122
85 145
114 164
153 69
115 164
64 106
143 94
149 75
61 87
76 52
62 65
63 84
68 74
114 163
60 87
109 170
66 110
116 55
129 113
149 71
59 87
135 113
69 107
142 63
65 120
95 166
68 130
144 94
107 171
133 112
132 138
84 135
115 158
123 51
84 167
59 86
142 62
125 142
133 138
104 168
116 155
72 53
115 58
82 148
154 68
83 167
115 159
130 144
79 51
132 101
62 64
116 158
65 138
83 151
65 121
72 139
122 51
66 130
123 50
83 152
118 71
108 95
137 64
132 116
67 106
80 53
86 169
66 54
127 52
66 139
109 171
143 62
144 95
114 162
89 168
120 87
79 50
75 140
116 54
114 58
106 164
65 57
124 79
115 54
127 51
156 62
107 76
65 54
114 57
156 61
65 122
142 61
151 66
129 123
107 172
121 52
65 53
149 76
65 137
139 114
108 172
82 151
121 51
73 52
63 118
153 70
141 97
150 75
64 61
128 51
106 167
62 67
117 155
59 88
82 167
60 88
81 167
137 113
111 168
80 97
96 166
132 143
81 148
104 76
155 62
125 88
83 86
78 50
58 86
64 53
107 173
141 93
85 69
64 137
79 65
113 78
115 53
114 53
152 64
78 49
63 53
157 63
115 165
108 173
122 50
95 107
58 85
57 86
84 166
57 87
89 127
62 63
62 96
106 173
62 84
132 117
131 136
80 167
129 51
156 60
63 119
61 67
133 101
145 94
65 52
149 77
155 68
66 140
77 111
133 139
62 94
158 63
96 131
91 74
68 129
132 144
65 58
154 70
64 52
83 99
156 59
67 74
157 61
127 61
140 114
125 65
58 84
66 74
141 92
66 141
117 68
57 85
79 49
131 144
141 114
129 50
145 95
89 169
63 54
62 53
130 123
109 173
117 154
79 167
154 71
62 62
115 166
155 70
95 167
83 168
63 137
56 86
158 61
130 50
57 88
66 135
116 166
159 61
64 60
62 54
95 81
136 97
134 138
61 63
63 138
96 167
156 58
56 85
124 143
135 63
141 115
120 144
109 174
104 109
79 168
71 139
60 63
113 118
150 77
140 113
120 51
116 131
118 145
79 169
114 166
150 78
154 72
73 51
107 75
60 62
112 72
84 161
155 58
76 140
159 60
154 58
110 174
111 174
133 111
157 58
66 73
160 60
114 52
112 174
59 62
113 52
64 122
141 91
107 174
79 166
142 115
71 140
143 115
82 152
116 159
160 59
141 90
130 99
80 148
128 50
65 141
88 80
126 51
95 159
65 140
131 145
154 73
58 62
63 117
143 116
61 96
78 48
140 78
144 115
114 51
146 95
57 89
80 166
145 115
61 54
155 69
114 167
112 81
159 63
106 174
159 62
62 138
57 62
118 155
84 151
130 145
65 130
130 124
59 61
135 138
120 52
104 75
125 139
126 50
147 95
96 141
147 96
80 50
140 112
155 65
60 54
124 144
57 63
147 97
133 143
65 123
60 89
156 70
64 130
148 79
134 115
117 159
157 70
158 70
129 49
123 49
117 166
60 53
63 120
89 170
139 65
86 145
114 118
61 138
103 75
71 138
161 60
135 139
114 50
117 54
80 169
73 98
131 50
147 94
64 141
159 64
79 170
77 48
60 96
134 143
116 138
148 95
158 69
65 108
103 92
66 111
80 61
129 48
73 50
78 166
80 170
63 130
63 129
61 94
79 171
72 140
103 168
135 137
63 136
149 95
79 48
77 47
157 57
134 144
160 58
67 96
63 106
79 148
60 52
85 169
61 139
63 131
80 48
60 138
113 57
145 116
60 51
146 115
113 69
76 47
79 172
91 168
78 172
78 173
158 71
78 169
154 74
60 50
115 163
134 145
124 114
128 48
78 171
90 93
114 54
124 113
80 47
130 48
77 173
75 47
61 93
101 133
89 171
90 126
123 48
55 85
57 90
63 121
112 173
160 62
65 111
150 79
151 79
74 47
71 141
89 158
142 90
143 61
131 123
157 56
112 175
140 92
136 115
60 97
60 67
103 169
59 138
129 52
62 131
62 118
160 57
55 84
117 160
106 123
86 170
131 49
150 95
148 70
59 54
56 63
84 160
155 74
81 110
62 55
115 50
73 47
147 115
68 117
137 78
60 98
135 145
80 172
60 93
157 55
73 49
145 117
118 156
111 175
136 137
80 46
75 46
75 45
112 69
57 64
57 65
105 147
150 96
60 49
98 140
57 66
136 67
136 145
136 138
131 111
78 168
119 156
59 139
112 57
162 60
60 139
102 75
78 174
72 47
74 104
163 60
130 146
113 174
78 165
136 146
132 136
126 122
58 138
59 98
136 144
58 98
57 138
151 96
56 62
57 137
78 148
129 119
59 55
77 168
118 160
80 45
76 173
114 174
99 166
112 176
80 173
112 177
152 79
55 83
131 48
56 89
110 115
147 98
148 115
55 63
58 54
151 62
86 94
130 47
79 45
54 85
66 106
114 173
153 79
118 119
136 136
81 46
59 49
58 55
118 166
59 56
117 119
106 175
65 142
76 174
59 93
149 115
132 48
143 68
81 53
132 47
128 95
97 167
124 48
71 47
57 54
57 53
70 47
56 138
60 68
77 148
90 171
61 118
71 142
56 61
136 61
83 131
78 164
152 96
115 153
135 146
84 169
55 138
114 168
76 168
80 44
69 47
61 119
91 171
158 72
95 168
119 160
145 118
58 93
150 115
59 48
116 50
153 96
76 172
82 53
76 171
113 50
114 172
98 166
146 118
61 120
75 171
82 52
54 86
78 175
119 161
109 151
159 70
57 52
88 113
58 139
136 147
81 47
137 146
147 99
59 47
164 60
91 158
114 169
120 112
81 152
60 119
138 146
138 147
55 89
55 90
59 96
161 62
55 82
145 119
66 142
165 60
113 177
147 100
165 61
114 175
136 148
56 52
82 46
61 68
75 168
63 141
166 60
119 162
155 75
147 101
56 54
137 148
120 156
99 119
151 97
54 63
78 176
60 120
166 61
70 46
151 115
78 170
105 160
137 144
120 53
166 59
82 51
75 174
126 111
53 86
151 116
139 146
74 45
77 176
83 46
59 46
136 149
62 129
55 54
80 152
154 79
61 117
137 149
80 43
81 43
55 81
112 178
89 172
106 176
159 65
59 45
167 59
159 69
161 57
146 119
63 142
79 164
89 173
83 45
54 81
83 161
104 74
140 146
74 174
54 80
160 69
59 120
162 57
82 54
70 45
59 50
128 66
156 55
55 137
168 59
55 136
134 137
133 47
80 174
57 93
168 60
140 147
111 178
74 171
111 179
132 49
166 58
151 117
58 49
166 57
55 55
73 171
54 138
133 49
136 92
66 105
128 47
137 143
66 143
81 170
70 44
66 64
119 159
120 50
120 49
82 43
136 77
128 96
79 152
70 43
64 111
96 144
69 43
77 177
112 52
80 42
57 67
155 79
151 118
157 54
53 80
77 164
111 180
59 44
63 111
54 136
72 141
136 139
84 46
73 174
75 167
65 74
73 170
82 161
150 94
57 98
58 44
127 47
89 134
60 90
120 160
70 42
53 136
83 52
120 155
83 47
61 116
140 148
156 79
57 49
54 79
134 47
63 83
148 101
81 136
68 43
83 48
58 43
159 66
74 118
56 51
62 111
80 63
82 42
89 174
79 176
59 140
101 125
163 57
53 138
72 174
114 177
71 174
156 75
58 46
75 166
141 148
60 44
55 56
56 67
141 149
70 174
104 78
61 111
56 49
80 41
112 180
120 162
122 48
66 75
136 116
131 146
151 98
126 47
104 73
120 54
154 96
137 139
125 47
70 41
79 41
66 144
168 58
61 112
133 93
53 139
120 62
72 175
56 65
54 56
148 80
152 117
69 174
144 72
92 171
115 177
155 96
82 136
116 116
55 139
126 46
122 47
156 96
58 42
169 60
68 174
170 60
148 100
155 80
153 117
59 42
84 102
57 43
158 54
170 59
52 80
140 79
68 175
55 67
55 49
79 40
115 174
170 61
118 167
71 121
63 107
165 62
112 50
60 112
132 46
59 41
67 175
146 67
154 117
70 40
143 117
52 136
113 180
171 61
82 41
120 102
124 145
89 175
72 176
62 106
55 61
59 119
120 48
88 127
165 57
68 42
59 112
136 150
56 81
134 46
160 65
114 124
74 98
61 106
136 135
77 147
166 56
61 50
155 81
130 147
111 52
71 176
84 45
83 41
143 60
66 145
141 150
71 40
68 176
122 117
93 142
120 157
54 57
154 81
88 122
66 175
64 74
131 117
55 50
51 80
56 93
140 145
156 97
62 89
88 174
52 139
120 103
135 47
58 120
116 177
168 57
61 131
67 145
115 49
171 62
53 56
92 172
134 45
157 79
66 176
151 119
154 116
137 79
53 55
60 41
67 176
66 177
151 80
140 144
151 120
54 61
155 97
171 59
155 116
59 113
52 55
58 41
56 98
52 140
135 48
172 62
84 48
160 68
141 151
166 55
66 178
141 152
74 167
65 177
76 164
168 56
129 47
84 44
70 39
112 158
152 119
166 54
154 57
71 39
55 52
159 54
140 152
134 44
169 56
57 42
136 134
116 62
150 114
145 78
76 177
66 179
142 151
169 55
64 177
59 114
50 80
116 178
70 38
75 138
88 103
70 37
156 81
93 114
172 59
161 65
51 140
81 161
53 79
79 177
108 96
84 47
154 115
134 43
71 37
149 101
55 140
90 175
87 127
118 168
58 119
120 163
158 79
122 46
150 101
150 102
81 121
86 146
88 100
119 167
166 53
57 120
82 40
171 63
53 54
51 141
111 53
156 54
94 131
173 62
170 55
61 113
58 140
126 59
67 143
61 129
51 55
141 153
63 135
59 40
53 61
53 135
136 151
157 97
158 97
81 133
107 176
115 173
112 80
89 101
154 114
59 39
56 42
83 153
133 136
58 39
53 134
57 119
56 119
161 56
58 112
146 120
77 146
123 46
126 67
89 113
72 37
142 153
88 158
159 97
78 152
151 121
98 167
153 97
172 58
57 68
60 131
121 163
142 154
169 54
59 57
63 177
58 38
144 78
50 81
53 78
120 167
135 44
55 42
136 133
78 99
173 63
136 44
110 180
110 53
108 83
82 39
97 131
66 174
117 177
115 48
113 68
113 49
54 64
121 156
133 79
152 121
171 64
143 153
50 140
137 44
111 51
154 113
143 151
71 36
50 79
111 80
123 45
52 86
59 85
79 39
72 129
126 57
140 143
134 42
50 55
56 120
146 121
145 121
50 139
143 154
73 37
56 121
76 178
79 178
77 56
54 67
91 175
126 91
152 122
122 163
127 60
134 41
55 48
109 103
130 101
142 60
56 99
79 38
156 116
139 112
56 97
49 80
171 55
109 180
144 151
134 101
74 37
172 55
52 85
54 68
74 82
66 180
49 55
96 76
52 135
108 180
54 90
173 55
142 114
53 68
74 36
87 86
74 35
49 56
50 82
137 140
54 42
135 149
136 43
155 114
54 41
142 155
158 96
68 47
115 47
105 73
49 54
138 44
107 180
79 37
145 122
119 119
55 93
152 123
113 181
142 148
144 119
64 176
83 54
110 54
55 94
75 164
78 37
58 37
134 90
137 136
142 156
108 181
152 124
63 176
79 179
54 54
157 96
80 73
130 46
127 101
71 35
48 56
118 177
159 79
166 52
70 36
144 154
57 38
65 174
52 87
92 74
59 141
140 142
138 45
102 141
49 79
134 40
52 88
101 161
51 136
111 143
80 179
68 173
50 83
89 106
138 46
66 146
124 139
153 113
161 69
156 53
152 125
58 36
52 134
60 141
122 156
48 57
146 66
112 58
167 52
87 158
155 82
134 39
90 113
173 58
141 155
94 83
172 64
118 178
93 172
54 40
77 37
64 174
80 90
55 135
94 74
69 36
115 46
50 141
49 78
129 147
66 181
153 122
143 148
124 120
116 173
137 43
153 58
72 76
134 149
107 177
74 34
153 57
49 83
62 177
140 65
138 136
143 147
155 83
57 112
62 121
160 79
158 95
48 83
47 57
82 38
108 182
173 64
65 180
50 142
67 179
56 38
113 172
167 51
123 143
108 183
55 119
165 63
62 176
51 134
50 134
121 160
52 89
85 151
53 42
141 156
156 83
79 98
118 179
62 175
102 74
144 122
173 65
117 173
61 175
79 129
61 121
144 147
74 33
69 37
144 123
174 63
93 125
136 48
122 45
53 40
120 107
62 178
60 142
52 40
83 38
154 75
165 54
155 53
114 46
48 80
75 33
134 150
174 58
75 32
48 79
75 178
154 97
113 153
144 152
119 179
47 83
80 147
142 157
51 87
84 38
55 38
53 39
171 65
49 140
145 151
47 58
144 146
52 90
175 58
61 174
61 177
69 35
80 180
60 143
120 179
108 184
176 58
148 63
55 37
145 146
150 93
97 153
47 82
154 122
123 163
152 126
165 53
156 76
114 47
85 45
60 174
131 147
155 73
127 59
79 128
77 115
144 124
142 66
168 51
143 157
116 179
161 79
177 58
60 177
123 164
155 122
174 55
60 175
81 180
143 149
141 144
141 79
136 42
82 180
58 35
174 65
56 122
94 84
139 44
154 53
51 40
154 52
68 70
78 179
65 181
79 36
60 178
74 164
174 66
59 118
145 147
66 104
83 180
89 126
77 140
109 184
146 147
157 116
53 133
52 61
47 79
160 97
156 98
48 54
60 179
68 37
143 124
168 61
46 83
50 87
52 68
64 181
135 62
59 35
97 168
158 94
55 98
154 51
51 90
52 67
138 137
89 103
46 84
51 91
63 143
153 53
64 182
151 102
60 144
114 45
53 132
121 179
122 179
46 85
159 94
160 94
79 106
60 145
49 139
51 67
146 148
83 181
58 121
154 50
94 73
123 165
46 58
94 72
52 42
158 116
50 40
114 63
48 140
178 58
59 174
49 40
174 54
157 81
48 139
54 78
55 118
85 94
175 55
123 179
75 34
147 148
68 138
120 154
110 184
141 157
124 146
112 59
144 79
124 179
143 158
48 141
77 70
113 45
107 184
66 182
121 144
153 126
76 32
145 152
48 138
131 102
74 32
92 175
105 72
105 173
67 42
54 77
95 72
144 157
136 132
60 173
66 55
71 84
63 74
110 185
106 170
47 59
52 62
57 35
60 35
51 66
118 180
168 50
77 32
49 39
143 159
59 173
134 38
129 148
152 102
78 178
84 37
53 131
54 98
54 119
88 119
50 67
48 53
48 40
55 122
64 67
111 50
123 180
75 63
153 112
75 173
69 173
126 80
175 65
125 179
118 162
133 38
49 38
118 176
122 44
146 146
60 34
74 168
54 94
65 173
126 179
61 34
125 180
60 172
74 165
154 98
78 98
73 54
53 43
124 165
158 81
69 129
73 104
148 148
45 58
45 85
149 148
123 44
46 79
92 176
51 68
140 153
149 149
71 34
176 65
65 124
49 37
75 62
165 64
147 102
58 173
105 175
51 65
77 145
70 34
135 38
94 86
48 41
113 182
123 162
57 34
142 159
62 34
61 33
123 181
56 34
159 116
159 115
84 108
67 177
56 33
153 127
48 142
153 51
178 59
161 97
108 76
48 137
58 174
143 59
51 142
57 173
122 43
69 120
149 93
45 79
54 37
63 94
135 39
49 36
44 79
178 60
159 117
49 35
54 118
57 174
126 178
82 101
68 96
113 112
47 138
155 50
158 93
174 53
47 41
137 48
142 160
52 78
65 146
72 56
50 35
176 55
83 182
179 60
106 124
119 79
162 69
56 64
119 87
77 163
57 172
70 142
48 37
105 115
48 143
61 32
103 129
81 61
119 62
61 31
162 79
85 37
143 58
168 49
76 31
94 71
154 49
179 58
134 151
55 33
89 176
150 148
139 153
78 36
134 37
47 85
106 180
45 57
153 119
57 175
174 52
176 56
57 113
154 48
147 149
118 181
50 34
43 79
53 130
141 160
53 85
76 30
150 149
81 160
157 80
42 79
41 79
133 41
103 119
56 172
117 161
144 80
161 63
87 145
130 52
112 151
56 174
90 176
45 84
132 38
45 86
125 146
167 49
56 175
108 82
49 67
42 80
62 97
125 181
41 80
54 120
48 35
137 72
151 149
46 78
178 61
167 48
167 47
79 111
124 181
121 180
166 47
151 150
131 47
131 38
177 55
53 98
168 47
179 61
115 45
112 182
113 44
45 59
140 111
177 65
84 180
112 44
151 151
54 121
108 155
88 83
59 145
45 78
84 170
68 54
113 183
57 176
133 151
47 42
46 41
131 37
128 123
50 133
112 43
65 117
145 157
144 159
65 172
115 66
68 35
87 168
117 53
140 157
153 125
132 147
105 166
116 61
54 49
168 46
59 178
41 81
142 89
74 163
111 58
152 127
168 45
86 144
56 171
128 46
46 40
55 172
46 138
53 129
86 45
40 80
149 147
54 172
122 42
113 56
47 37
145 64
77 149
59 99
158 92
153 128
169 49
168 44
118 132
126 180
76 46
178 65
67 182
56 32
137 112
59 137
106 184
84 54
46 37
58 145
86 37
45 138
168 62
83 183
59 179
103 160
90 104
78 47
124 162
85 36
161 98
40 79
82 61
134 36
112 119
46 36
40 81
83 81
67 183
53 94
56 100
39 80
85 35
53 118
56 31
145 124
55 141
45 87
80 120
47 143
60 31
76 29
40 82
103 106
149 96
91 89
135 36
165 65
137 132
140 160
177 54
102 107
59 180
177 66
93 71
149 146
83 61
46 35
83 62
92 71
158 98
45 40
45 37
133 135
134 35
119 48
77 152
161 80
74 38
131 52
161 70
146 152
49 68
56 170
143 160
50 56
49 133
48 52
48 34
143 80
144 93
71 95
111 176
76 28
156 122
140 80
156 123
74 162
77 28
58 83
125 182
156 68
87 95
56 135
76 65
64 183
96 72
162 97
52 98
138 132
122 181
168 43
94 141
178 66
130 125
141 161
153 129
48 144
131 36
111 185
48 68
124 182
51 98
54 129
152 103
111 49
70 132
178 64
63 183
96 115
45 137
71 53
178 55
54 69
150 151
180 60
163 79
44 137
49 144
43 137
102 148
44 37
160 117
149 145
40 83
105 145
43 37
93 175
101 84
165 66
169 43
179 65
139 137
130 102
134 34
94 143
61 30
126 177
115 44
163 97
68 183
124 183
63 184
84 61
134 33
75 74
108 171
85 61
51 78
43 36
111 69
62 32
129 75
180 58
80 181
128 112
75 177
100 136
153 103
65 132
148 65
52 118
160 118
60 106
152 151
110 58
120 153
47 68
47 142
155 113
161 118
87 157
150 147
107 151
141 162
144 160
50 33
52 119
38 80
37 80
156 124
160 119
53 99
78 28
152 152
141 163
163 98
77 162
65 61
50 91
134 152
37 79
180 57
142 162
152 53
170 43
127 96
44 40
133 50
170 49
175 52
37 81
56 30
59 181
47 144
45 56
84 98
43 38
86 69
126 138
75 64
145 159
159 98
51 42
136 36
141 164
124 166
43 35
156 125
134 142
180 65
84 52
152 153
173 66
43 136
161 55
153 50
44 59
51 99
153 111
166 46
43 40
161 78
127 177
63 122
42 137
143 89
49 145
105 180
88 170
55 174
102 138
67 184
67 109
162 70
134 32
54 128
141 165
86 38
161 99
64 96
126 182
112 42
152 154
72 170
108 161
42 35
125 122
153 154
45 88
63 185
36 80
141 111
153 130
43 135
105 142
136 41
124 184
164 98
95 71
124 185
42 37
162 118
161 54
143 57
56 169
140 44
54 174
134 31
135 34
112 71
108 159
47 53
131 80
128 177
171 43
146 114
172 43
43 78
152 50
76 147
84 60
124 186
149 144
58 40
152 51
36 81
56 29
125 81
76 27
178 67
56 168
84 181
76 26
118 173
112 88
112 185
97 127
122 41
42 34
112 120
57 29
134 63
156 52
80 49
61 29
68 184
149 143
89 177
142 165
95 86
42 38
131 39
141 166
95 70
40 84
81 179
153 48
156 114
71 86
149 142
162 119
165 47
43 134
77 141
52 117
78 128
152 95
173 43
135 32
177 53
41 137
56 28
178 68
81 122
129 177
43 41
97 169
41 38
40 137
130 177
70 33
54 175
46 68
59 182
48 33
76 25
181 60
151 93
53 174
126 102
65 171
159 81
108 134
40 85
124 187
166 45
154 69
130 178
37 78
40 138
174 67
161 100
124 188
63 186
165 48
45 139
39 137
179 68
112 45
181 61
49 132
56 101
44 35
101 108
124 163
143 165
151 147
40 86
134 30
51 117
68 112
68 87
154 78
72 101
151 154
119 120
137 97
44 139
138 131
52 174
162 71
64 90
159 114
42 33
153 152
143 88
107 105
98 169
68 185
85 34
53 121
49 146
45 55
134 97
132 96
70 32
40 139
46 88
75 25
95 132
58 182
162 120
41 39
42 134
154 154
37 82
120 111
182 61
48 51
40 87
143 166
154 47
143 87
151 146
159 113
136 32
125 188
171 42
50 117
50 98
41 34
172 44
164 99
110 55
179 69
88 123
174 43
154 152
165 99
169 42
152 57
52 116
173 42
39 136
120 120
131 135
139 154
67 146
130 176
79 28
154 103
175 67
96 86
153 81
53 100
136 37
121 41
165 49
56 102
173 41
44 60
172 45
122 182
127 182
123 41
135 90
173 40
180 64
37 83
161 77
154 46
45 140
175 43
169 41
73 67
82 183
155 84
92 108
77 25
44 34
168 41
51 100
125 186
57 182
166 66
166 99
119 64
86 68
140 110
138 133
43 60
117 136
137 36
121 50
154 155
80 137
157 83
117 181
36 78
39 139
35 81
59 183
163 119
62 184
42 60
110 186
169 53
50 32
67 73
154 125
140 166
50 100
86 34
150 154
131 178
40 88
71 44
72 58
128 182
157 122
134 102
140 91
96 158
43 59
35 82
141 167
87 34
55 175
68 186
52 142
119 139
119 166
149 141
115 85
155 152
60 107
163 118
173 39
60 39
87 45
58 146
105 90
153 131
64 83
52 129
41 139
69 184
44 78
75 24
125 165
110 187
133 42
163 117
49 117
173 38
159 112
116 44
47 88
177 68
164 79
138 153
151 145
80 28
51 119
134 65
44 56
70 184
43 42
129 182
75 114
42 32
174 38
75 28
165 56
154 45
45 54
80 29
116 46
180 69
152 149
69 32
154 111
41 136
41 32
149 62
124 161
156 152
38 139
137 61
111 155
41 40
84 182
62 186
83 93
44 55
163 116
41 60
41 41
52 138
41 61
154 156
88 145
141 62
152 113
154 131
38 138
56 167
157 125
45 53
42 31
52 128
37 84
135 30
89 153
142 163
34 81
112 125
87 38
115 152
40 32
117 67
49 147
152 145
107 97
45 141
62 187
49 100
145 145
75 118
40 39
149 140
161 81
173 52
47 33
149 139
52 173
82 184
149 154
114 170
40 40
92 70
58 180
61 122
143 86
41 59
164 118
57 177
57 167
68 187
33 81
75 23
156 151
143 125
164 97
166 65
56 113
128 139
97 109
70 143
69 84
136 31
48 132
129 125
52 115
137 31
51 173
35 83
182 62
78 25
133 89
175 38
164 96
141 168
176 38
167 41
109 53
123 188
174 39
41 134
152 128
74 105
172 38
94 140
111 125
61 28
172 37
51 174
48 131
56 182
160 114
53 69
130 182
67 85
51 120
40 61
128 120
147 93
153 145
52 114
84 136
70 31
110 50
54 176
41 37
59 60
34 80
81 44
156 126
32 81
65 179
172 36
38 81
142 168
67 97
150 142
66 171
137 41
175 42
172 35
72 121
155 131
144 165
67 88
104 175
79 74
154 145
142 169
86 44
82 109
67 181
174 37
58 167
174 36
34 79
138 31
181 69
73 164
52 127
62 188
154 157
50 174
137 40
126 176
71 184
157 152
54 177
177 69
139 31
111 144
157 153
158 125
125 68
41 87
84 51
158 152
48 117
78 26
177 52
68 188
110 56
132 178
75 147
60 94
125 189
63 123
182 60
52 94
133 80
76 45
163 120
154 158
120 168
161 101
170 65
171 35
49 32
139 138
38 140
67 147
163 121
90 76
48 100
57 166
170 35
87 33
55 182
63 124
42 87
59 117
95 87
58 183
52 172
36 77
137 30
49 98
55 28
77 71
139 166
177 51
62 189
169 35
62 83
50 175
33 79
111 48
162 121
111 187
156 131
43 133
37 138
85 181
135 89
86 74
178 54
50 173
73 73
40 38
157 154
182 69
143 79
143 81
54 182
60 29
146 159
40 31
80 27
152 114
73 162
36 138
132 179
49 148
48 116
88 34
116 152
68 147
105 144
85 152
40 89
74 161
39 31
62 190
164 64
58 29
139 43
74 23
118 112
40 90
159 152
39 135
49 149
128 45
159 153
77 81
48 115
130 183
70 185
133 178
139 152
183 60
79 25
55 47
139 30
171 34
63 187
138 36
155 103
168 35
164 119
124 41
133 96
174 35
139 36
78 24
55 97
87 39
54 183
166 100
139 136
50 120
38 135
135 29
33 78
40 91
49 101
97 145
165 98
171 33
50 31
133 51
85 47
102 73
155 85
168 34
155 145
55 167
48 149
57 165
56 27
121 145
154 85
47 51
176 69
39 38
121 44
133 177
88 144
40 41
164 80
103 96
165 118
42 61
68 113
32 79
68 181
143 169
84 171
50 172
95 88
144 166
130 184
131 46
40 59
61 27
55 77
166 44
133 32
156 130
49 174
102 82
37 85
144 169
165 44
174 34
35 138
39 41
81 173
154 159
158 154
176 37
40 37
121 96
94 119
31 79
52 175
119 50
160 153
48 150
105 71
120 145
108 166
157 126
79 127
93 176
61 26
171 49
124 189
137 29
67 148
141 169
60 146
80 37
76 23
132 32
151 155
126 165
50 42
145 169
35 139
113 119
48 174
40 58
131 184
154 160
131 183
51 121
38 41
132 123
165 67
96 77
113 162
138 166
40 134
39 88
38 31
37 41
41 133
158 126
54 178
44 77
164 121
89 110
47 115
144 167
74 25
145 170
155 160
115 137
112 53
139 131
91 83
159 125
39 30
40 36
63 190
36 41
59 184
51 34
76 79
100 155
77 144
162 72
109 187
69 183
81 27
133 81
70 56
86 143
149 138
72 164
167 34
62 185
92 177
46 115
34 139
182 70
154 44
139 35
177 38
141 44
138 29
132 31
141 170
138 48
85 136
78 144
183 62
121 120
32 82
87 40
71 185
74 110
58 147
54 83
167 33
65 147
161 153
140 136
163 115
47 149
77 139
113 42
114 66
158 83
160 125
37 86
165 79
32 83
38 32
78 23
167 32
60 137
134 177
178 38
179 38
144 58
176 42
161 154
159 92
117 144
142 111
88 45
78 22
161 155
40 42
57 164
105 103
81 184
31 83
111 43
39 58
81 29
78 21
71 42
87 68
177 42
47 174
35 140
56 26
64 138
54 184
50 171
161 152
106 125
36 76
47 148
47 50
99 136
160 126
86 61
167 35
161 156
39 37
122 155
181 70
111 188
168 32
46 174
157 130
103 118
138 40
77 21
166 32
153 44
42 62
36 42
96 168
178 37
158 151
46 149
161 126
168 63
31 80
138 28
162 101
60 147
51 77
133 179
45 68
88 84
145 171
35 41
135 177
165 119
90 95
48 114
71 186
64 58
47 131
141 45
36 86
110 48
182 68
85 33
162 152
183 59
181 71
168 52
140 31
141 46
47 130
34 138
126 189
156 160
103 175
177 41
38 33
39 61
30 83
137 166
54 70
165 117
175 34
35 42
162 155
75 22
39 57
112 48
105 184
39 56
115 151
115 80
136 177
56 165
40 30
166 101
144 86
37 31
132 151
181 65
162 153
31 78
34 42
177 50
57 146
42 133
141 31
88 38
163 152
89 38
48 113
54 185
119 83
166 34
71 133
38 56
70 91
127 189
44 141
62 139
87 44
110 116
35 141
37 56
142 113
47 117
53 49
48 146
38 134
38 30
67 35
79 67
48 99
163 155
47 150
108 53
109 188
142 67
45 115
71 101
130 148
96 107
79 22
163 154
41 91
155 155
76 152
45 80
156 161
140 30
118 56
30 84
148 72
46 114
46 131
89 37
40 62
109 48
29 83
33 139
38 133
162 151
64 190
184 62
60 26
44 68
40 78
44 115
50 147
141 60
160 113
153 132
47 151
36 75
113 41
164 152
55 185
59 59
38 29
34 43
150 103
55 113
39 59
69 60
146 171
89 34
105 89
50 176
32 84
162 156
145 58
62 26
32 85
38 61
110 88
166 31
112 188
183 58
165 101
62 50
35 142
30 80
73 34
98 144
157 161
179 39
110 47
73 23
172 33
178 42
175 37
71 67
38 34
162 150
184 61
133 116
141 43
51 133
49 52
60 86
86 60
183 57
33 140
172 66
41 92
62 27
53 183
133 110
132 30
155 45
61 86
94 104
114 41
109 150
151 113
62 124
179 37
62 191
130 111
137 28
183 56
67 53
44 114
184 57
112 60
55 186
93 89
153 85
61 25
165 102
113 88
119 121
35 143
46 150
175 33
134 66
130 97
73 109
146 124
146 172
62 25
108 48
52 183
48 151
68 189
55 181
78 80
37 133
71 41
69 189
29 80
71 173
73 22
120 41
28 80
128 99
89 145
35 137
182 71
162 126
105 104
92 102
164 65
113 40
54 82
107 185
131 31
62 68
166 30
45 174
148 138
110 59
166 118
74 160
185 57
65 51
33 141
61 24
147 116
38 37
36 143
124 40
44 174
148 144
63 32
73 21
144 161
39 90
139 28
50 121
145 167
89 33
49 102
132 41
104 184
61 190
68 97
134 179
115 87
54 133
62 192
172 49
46 173
164 115
106 146
37 61
141 98
163 126
163 114
112 68
162 149
37 132
74 117
185 58
88 148
51 183
100 84
47 100
163 156
127 176
37 55
139 27
166 79
122 40
72 22
153 160
133 102
130 31
137 177
43 43
144 87
31 77
179 42
185 61
29 84
28 83
78 20
157 162
145 148
179 70
88 44
155 144
62 74
27 83
40 29
45 150
167 100
27 80
26 83
112 40
135 28
89 45
83 85
26 82
76 153
180 42
36 61
165 46
40 28
127 142
148 140
60 56
36 144
42 91
62 193
40 27
176 33
42 92
165 115
180 68
183 70
46 172
36 132
90 45
112 144
145 172
135 27
147 172
29 85
164 122
133 63
166 117
32 86
54 167
163 149
38 90
144 88
61 23
104 176
167 30
166 102
113 175
86 157
58 177
37 143
43 114
65 133
164 156
32 141
119 173
58 164
164 44
166 41
41 93
55 26
186 57
90 34
49 97
72 65
176 70
101 121
36 131
92 162
74 28
35 144
168 100
35 136
79 117
88 40
46 148
142 97
60 148
146 173
41 94
60 23
142 86
146 170
158 155
37 62
38 28
112 39
86 43
44 175
44 113
53 167
116 89
120 117
148 172
172 32
52 184
128 189
33 43
79 20
43 174
66 148
51 56
48 130
46 100
31 141
27 79
184 70
175 69
116 176
110 43
165 152
129 139
55 187
186 61
110 93
185 56
54 187
165 151
165 156
80 20
49 96
176 71
61 22
141 42
72 77
49 151
40 43
112 38
77 150
167 117
165 32
46 171
109 59
164 54
135 26
146 125
132 89
103 147
35 61
42 30
35 135
167 29
172 67
32 43
28 81
55 31
30 141
40 26
74 178
169 100
64 97
56 187
50 183
29 141
138 139
32 42
81 26
63 25
146 174
167 79
92 131
108 188
47 152
151 152
180 37
49 152
148 142
122 188
54 181
165 122
128 44
39 26
64 147
68 32
141 32
164 78
31 42
166 152
166 153
148 173
162 127
30 42
104 185
35 131
47 171
40 77
61 39
46 69
168 117
45 151
116 51
142 85
132 184
129 95
100 99
140 27
147 159
127 188
35 62
59 164
122 118
41 95
35 145
102 81
167 28
138 177
26 79
149 173
140 169
138 178
25 82
176 72
151 128
180 36
115 99
140 77
76 44
150 113
185 70
128 111
41 96
75 148
149 174
53 187
166 154
181 36
46 34
165 157
59 165
147 103
148 66
160 124
112 37
125 161
90 172
64 105
32 41
25 79
103 185
135 25
44 151
163 125
162 128
99 129
111 37
75 113
80 22
167 153
45 171
72 128
167 154
178 51
140 26
155 161
80 19
45 170
140 36
66 87
151 142
128 43
125 160
155 132
156 132
127 84
31 86
153 161
74 111
51 32
132 33
167 80
122 39
162 129
84 41
120 42
171 32
131 151
38 26
172 68
40 96
83 39
182 72
79 19
149 172
109 107
44 170
183 72
43 30
28 141
141 86
110 37
136 89
69 172
133 152
83 184
33 41
149 175
59 51
143 156
135 24
166 35
177 49
134 25
106 135
27 141
162 148
28 79
168 153
72 142
153 118
44 169
73 77
75 153
176 32
169 117
40 140
103 73
73 20
169 116
30 41
49 176
165 103
44 176
82 26
32 139
111 189
133 184
42 174
163 129
120 70
63 27
37 26
143 126
163 130
105 185
164 81
24 82
64 25
166 80
111 93
40 93
183 73
60 165
53 166
34 131
167 27
181 35
88 128
49 103
104 186
42 173
24 79
168 27
113 188
81 92
92 178
49 121
139 177
91 70
41 27
61 193
29 42
43 176
55 180
30 40
85 32
88 68
119 72
138 39
34 145
166 115
43 115
120 108
114 188
149 137
165 81
39 89
29 43
51 31
122 189
49 153
82 170
35 130
150 175
84 50
99 123
135 179
45 83
169 101
182 36
62 22
105 186
182 35
113 37
81 93
147 150
42 176
72 23
36 26
60 33
37 139
167 26
39 55
35 43
34 135
128 101
170 117
140 98
28 43
134 27
139 178
41 173
67 134
79 180
135 23
38 91
62 21
89 32
152 54
86 181
30 142
168 99
175 32
133 52
112 113
85 180
31 87
133 185
162 157
153 149
127 43
81 174
165 82
142 31
24 80
176 59
49 104
164 95
181 42
34 44
28 44
184 56
58 163
178 36
73 45
26 84
55 25
125 166
44 133
114 130
140 177
160 96
152 146
135 61
150 172
183 74
145 166
181 43
84 103
163 157
87 41
29 40
35 26
182 73
141 177
119 176
84 55
80 18
177 32
167 25
49 183
183 36
111 42
120 138
142 44
35 63
115 188
44 112
124 88
168 118
42 114
166 157
129 53
169 118
151 172
130 175
113 36
164 77
80 17
165 150
142 144
143 31
43 116
169 115
63 147
48 129
44 76
81 185
133 176
151 127
147 125
31 76
105 162
50 54
163 44
85 50
110 189
131 152
118 169
41 26
84 36
94 167
82 185
34 143
79 137
43 68
152 115
184 74
36 25
43 76
87 170
72 20
168 152
149 136
99 89
118 165
126 96
115 55
33 131
105 172
32 44
165 83
172 31
141 26
146 167
167 157
115 125
47 43
131 53
36 24
125 190
36 23
89 46
90 32
108 94
159 83
110 171
141 99
166 122
26 78
108 52
130 36
185 74
28 85
142 143
46 130
34 146
134 111
41 132
166 83
76 74
143 30
26 141
144 172
184 55
30 39
55 24
158 58
67 189
48 128
33 40
39 93
110 69
185 69
33 138
28 86
91 34
123 186
169 153
62 73
42 177
97 132
143 56
34 61
146 168
167 122
43 170
32 87
162 73
134 52
41 174
61 123
83 154
154 151
67 171
131 54
41 97
164 126
61 98
157 163
86 142
137 131
39 96
85 60
162 147
37 30
34 147
80 105
25 84
36 63
31 139
57 26
101 120
151 173
25 141
93 70
182 34
166 84
65 170
86 67
83 36
58 26
187 57
134 148
69 135
135 22
38 92
170 153
157 68
39 25
135 21
33 143
157 164
63 24
131 148
148 143
169 102
165 149
116 188
36 27
138 179
159 96
36 31
56 118
54 25
44 30
138 30
49 51
26 142
139 179
24 141
153 162
122 56
166 27
96 89
75 21
77 161
38 62
43 56
28 40
137 153
91 35
74 119
181 34
26 143
140 28
74 159
133 25
54 28
48 84
163 147
40 63
110 117
66 56
110 36
87 174
42 178
35 147
118 136
91 98
165 126
49 66
146 99
26 140
24 142
129 36
81 123
136 73
30 43
92 133
127 89
57 187
171 153
184 75
81 18
49 31
181 33
115 91
46 77
166 149
169 114
24 140
86 71
48 121
23 140
141 25
49 184
102 175
122 190
142 177
22 140
82 18
28 87
35 25
54 171
42 179
106 145
156 144
141 47
145 154
139 180
85 85
166 103
44 168
156 159
63 108
89 47
121 111
112 126
168 157
169 99
82 147
60 108
85 119
123 146
141 24
23 142
147 168
116 181
45 112
39 24
153 144
35 23
150 65
41 178
139 111
124 44
182 74
171 154
42 115
184 76
171 155
186 70
66 51
164 32
93 121
36 56
167 50
157 144
25 78
165 127
64 75
36 130
21 140
33 135
49 185
62 29
79 18
38 59
182 75
163 32
31 88
147 78
166 158
85 31
167 99
23 141
54 188
53 116
147 119
165 128
126 161
134 28
44 54
126 123
103 141
40 76
107 183
152 172
171 38
34 25
23 79
42 26
20 140
185 76
150 176
40 92
35 31
102 174
186 69
163 113
150 139
176 41
133 28
172 154
113 35
35 56
98 170
115 113
22 79
83 101
36 147
181 75
172 63
172 155
163 31
77 77
168 158
43 69
48 67
169 98
25 85
140 24
37 90
79 135
109 37
54 122
143 67
140 23
74 22
55 123
40 178
132 25
156 57
56 43
117 141
24 85
169 97
54 180
106 165
173 155
133 34
36 129
77 76
186 74
40 174
75 146
84 183
44 167
158 164
104 180
182 33
166 104
44 67
150 137
60 181
170 114
111 71
89 178
124 49
168 159
135 144
168 119
61 41
170 100
33 137
107 188
171 114
60 164
50 30
37 92
167 149
168 80
80 16
84 97
27 44
126 68
38 38
35 129
153 163
131 81
46 152
93 165
166 127
172 153
113 34
38 96
55 134
109 38
136 21
92 99
173 156
128 181
93 96
43 179
41 175
127 68
72 186
163 131
176 31
53 25
59 92
53 122
44 29
87 60
125 111
66 61
87 134
36 22
110 52
137 80
170 97
157 93
185 77
40 175
184 36
28 88
63 23
168 122
48 120
174 156
88 60
73 141
171 113
19 140
48 185
37 147
65 96
133 24
108 59
34 60
83 18
175 156
51 35
132 66
139 181
34 45
139 130
114 70
129 189
92 34
63 193
159 164
49 30
52 167
106 171
77 20
49 186
72 36
143 29
153 172
136 20
132 40
81 22
171 112
48 112
132 122
52 25
45 111
28 39
135 20
79 119
36 21
83 26
57 147
113 33
80 123
175 155
171 115
56 24
26 44
83 17
153 173
72 95
28 89
169 159
52 126
97 77
108 37
35 75
169 65
181 32
67 185
185 78
134 22
186 78
81 16
171 111
73 92
22 142
62 125
139 39
59 23
156 80
146 150
84 18
171 100
154 173
54 50
86 50
151 50
175 157
28 90
176 155
130 189
33 61
57 69
159 165
146 175
176 30
44 116
25 81
46 153
167 83
40 179
24 143
177 155
74 179
47 173
139 72
177 30
27 90
106 71
65 73
56 176
137 60
141 171
85 137
159 111
160 164
87 59
101 81
42 170
25 86
18 140
35 148
125 123
154 43
148 175
97 138
177 156
24 86
177 48
163 112
39 174
182 42
72 187
55 79
58 82
146 157
51 43
187 78
135 19
104 166
51 25
37 21
175 71
188 78
84 56
63 88
66 185
140 35
153 174
114 35
146 102
142 45
143 177
90 31
177 29
177 157
18 141
181 76
81 175
17 141
141 136
172 100
42 180
79 126
21 79
121 139
36 74
40 97
80 23
81 186
113 173
170 155
175 30
35 27
84 76
74 166
163 33
168 25
94 164
39 23
122 191
75 38
35 64
55 99
157 92
51 69
104 187
168 24
107 145
84 184
34 142
114 137
172 111
79 16
54 24
27 91
34 63
44 171
43 151
74 46
71 20
87 74
22 143
96 147
127 58
142 46
150 177
29 44
169 160
188 79
42 151
77 44
55 166
60 149
167 24
91 45
38 21
187 74
23 86
51 79
139 23
39 175
125 98
150 178
19 139
21 143
59 89
43 29
19 138
103 187
19 137
136 35
33 144
87 58
177 28
142 145
137 49
173 45
123 155
40 180
151 178
133 175
18 139
131 179
113 32
39 173
159 163
41 151
178 29
144 92
104 188
173 111
141 41
26 91
44 111
38 173
112 32
52 121
17 139
26 77
153 72
169 24
173 100
161 149
145 86
45 100
78 106
88 47
46 111
86 182
132 81
120 173
49 95
122 192
58 23
165 27
168 53
129 118
64 32
122 193
113 31
116 119
21 78
37 20
137 20
64 57
18 137
17 137
70 120
26 76
123 184
155 173
50 149
24 87
101 135
41 177
103 107
107 146
183 34
66 50
136 19
24 88
55 57
178 157
71 19
48 32
26 75
165 104
126 190
42 113
55 112
178 155
166 24
81 19
177 27
69 147
110 190
97 128
175 158
107 37
114 31
64 193
79 15
165 24
88 177
46 67
18 136
66 103
145 96
169 96
177 31
28 45
41 113
112 110
60 111
111 32
174 111
20 79
108 51
55 169
33 130
67 51
116 165
130 39
61 194
37 87
41 29
33 39
168 23
145 80
128 36
125 85
135 60
143 32
119 61
136 18
25 75
156 51
178 158
178 159
79 85
54 168
133 140
27 75
20 143
121 189
129 190
76 154
32 61
111 40
31 44
34 64
49 154
172 113
17 140
143 45
115 170
39 133
80 186
159 166
137 165
58 122
186 79
36 92
146 113
65 72
21 144
37 129
35 57
169 122
166 126
23 143
170 159
101 150
108 131
187 70
39 172
128 35
133 22
152 44
65 25
164 131
21 145
164 147
24 89
88 59
123 142
80 15
71 164
60 171
78 15
80 36
50 41
119 111
28 46
49 182
150 179
35 92
36 140
85 184
47 49
148 159
86 70
38 175
40 181
35 30
36 73
43 167
80 187
115 84
107 181
76 118
159 84
60 193
58 22
65 193
57 70
40 23
106 80
164 27
18 135
158 166
50 95
174 71
35 128
20 137
50 122
142 25
66 149
166 23
22 86
116 43
64 129
114 37
168 151
169 151
173 71
35 32
103 180
52 168
178 160
40 113
45 172
39 62
20 78
25 74
167 40
64 185
40 98
57 22
138 181
50 25
84 31
43 28
137 18
144 62
157 71
151 101
83 108
169 121
62 20
54 84
138 182
88 152
40 182
41 30
50 77
148 103
118 84
93 34
169 150
106 144
79 14
33 25
179 160
129 31
18 142
25 73
40 55
27 46
128 178
183 33
80 134
39 113
112 33
184 37
136 131
17 136
153 175
38 20
131 149
34 128
86 49
41 182
71 23
115 31
154 67
139 48
83 155
170 122
143 162
142 29
19 79
51 182
35 21
181 44
178 27
20 136
170 102
92 134
17 142
49 25
162 33
52 34
89 59
16 137
72 188
155 174
62 19
92 45
183 32
25 44
60 192
38 176
125 145
20 135
72 19
79 13
34 21
31 61
137 17
59 192
96 70
157 91
169 149
151 179
117 46
126 85
87 181
20 77
184 38
34 32
21 86
150 180
172 30
166 22
176 154
119 42
151 180
139 38
174 100
34 127
17 143
161 127
172 54
20 76
33 26
155 172
140 38
128 71
26 92
48 25
151 129
34 65
114 133
31 60
179 161
165 131
114 40
110 32
61 35
132 118
66 124
31 75
50 104
138 17
96 100
50 184
110 40
111 60
181 68
139 22
110 118
80 121
165 155
184 32
133 186
60 194
34 126
59 24
26 43
61 187
161 102
78 138
50 24
183 69
19 76
84 17
33 38
66 25
144 45
33 147
186 71
17 135
45 142
184 78
47 170
170 121
187 73
163 27
16 142
149 74
33 32
189 79
184 39
166 159
172 29
39 36
186 80
143 178
143 119
149 180
30 61
97 144
26 42
66 60
39 76
16 140
88 181
104 177
40 95
130 135
167 127
43 150
153 158
164 132
25 92
162 54
132 22
24 44
112 107
107 144
25 93
142 24
15 142
48 96
184 31
153 43
33 27
118 60
139 17
165 35
78 13
132 175
110 31
51 97
180 160
24 144
171 29
166 40
49 187
25 72
169 64
180 76
164 53
82 186
142 119
178 26
140 179
59 91
74 69
87 177
116 189
118 157
138 16
177 160
160 165
185 39
156 164
166 21
114 30
159 167
108 60
39 179
40 183
55 188
105 140
181 77
24 139
41 35
44 61
170 150
90 148
57 21
147 160
178 156
58 166
49 155
71 31
171 159
132 149
36 135
34 23
131 22
164 94
85 81
39 183
103 179
72 136
115 88
90 121
165 21
25 94
63 132
137 154
48 24
134 186
121 107
80 126
22 141
170 123
152 98
33 65
47 121
133 21
31 59
51 24
171 97
19 77
128 49
173 51
79 23
169 161
23 44
70 23
26 85
185 32
112 90
90 30
146 86
60 130
48 176
102 187
139 92
139 182
172 97
118 42
59 130
170 103
79 138
33 37
78 18
44 28
41 98
169 113
67 75
56 21
93 35
185 40
142 84
124 99
76 34
84 19
63 28
186 62
32 147
74 99
55 76
188 73
83 70
32 130
37 19
189 80
135 132
172 96
147 126
81 181
142 56
33 21
186 32
171 96
66 193
84 89
39 171
135 186
163 146
62 18
123 193
128 67
138 79
97 165
91 73
33 148
143 24
85 17
36 32
150 181
32 26
167 98
142 42
38 183
124 155
66 194
138 15
90 145
15 137
84 26
23 45
107 38
113 161
47 60
21 135
55 21
181 66
154 149
17 144
121 193
80 138
138 14
38 179
39 21
181 31
161 165
76 43
137 98
85 26
176 153
33 31
190 79
61 179
161 147
36 55
22 44
110 44
15 136
32 65
132 52
29 39
170 156
144 46
75 179
138 13
48 104
85 16
75 159
136 90
53 165
39 75
144 24
175 100
53 188
101 187
32 148
130 190
137 15
102 185
78 14
109 43
171 116
112 161
116 120
87 142
21 134
95 121
134 184
102 72
21 80
24 73
24 94
48 187
165 147
174 33
115 107
62 17
147 167
178 25
180 161
176 100
55 20
169 95
107 178
56 77
140 137
50 155
58 57
144 71
111 117
149 155
49 41
42 167
182 31
177 25
60 60
183 42
47 24
24 95
29 61
80 67
183 78
129 39
171 152
85 15
19 75
83 19
156 173
32 149
152 85
177 100
96 146
52 165
68 128
63 194
73 121
18 79
40 112
144 47
144 91
21 142
162 65
115 118
31 58
180 159
160 167
181 159
113 63
63 18
181 158
136 178
78 140
34 39
175 159
191 79
79 125
53 70
152 163
141 38
24 96
23 46
165 130
151 49
182 44
46 60
124 160
119 153
131 21
34 125
170 24
171 150
109 76
20 75
146 94
42 93
86 15
49 188
78 16
178 154
90 174
125 74
95 140
18 80
140 182
62 82
81 91
62 16
51 155
125 144
56 39
32 131
113 178
118 41
77 116
66 72
43 67
185 73
39 85
136 186
41 150
89 40
21 44
80 13
30 38
41 167
90 169
103 105
144 23
35 55
140 170
172 98
23 47
160 168
79 144
15 135
105 75
37 175
161 167
133 82
24 97
22 47
185 36
130 126
46 121
32 25
32 21
189 81
32 88
81 162
83 134
37 148
48 127
80 114
74 92
171 102
181 157
178 153
143 92
27 39
62 15
117 130
70 90
72 184
164 93
106 104
29 90
48 111
18 134
17 80
170 149
122 194
71 143
32 37
137 182
14 136
65 71
85 134
164 92
14 135
102 93
72 189
51 154
58 192
39 112
120 137
174 159
94 168
186 36
172 159
37 174
172 95
149 159
24 98
150 182
39 114
38 178
141 100
130 174
21 85
67 130
159 168
73 160
187 58
40 184
168 127
109 149
175 101
101 80
145 23
33 60
71 177
43 178
18 78
83 156
80 188
64 172
21 133
14 134
90 135
49 189
153 42
171 149
54 23
166 131
171 66
137 134
146 23
114 105
189 82
150 183
177 99
30 139
20 44
151 92
115 117
50 92
165 77
148 176
70 53
143 127
178 100
88 37
135 18
114 29
90 40
71 38
81 83
131 174
166 20
69 56
153 176
97 117
25 96
25 42
88 69
81 45
181 45
95 89
51 165
44 53
151 183
156 174
26 39
172 110
43 53
175 102
32 20
174 160
110 30
77 179
38 184
178 101
184 63
48 182
33 149
149 79
124 123
34 56
125 102
172 116
145 123
112 150
186 81
91 30
82 108
172 115
178 161
103 188
149 183
90 37
163 111
141 87
159 91
70 69
156 56
162 158
137 167
47 23
106 181
70 24
87 156
90 38
93 158
28 47
101 188
115 127
181 156
184 30
38 180
99 162
102 184
49 190
151 112
49 69
27 77
42 182
19 80
47 69
134 103
130 103
146 80
73 167
152 86
64 72
37 178
45 36
86 14
80 162
179 100
43 182
67 193
47 185
42 166
150 49
113 83
184 42
168 83
13 135
137 155
109 189
71 18
144 31
178 99
133 153
186 40
107 126
14 133
154 95
64 28
19 74
61 145
151 184
188 57
120 77
129 54
165 22
98 88
21 43
50 182
53 189
82 93
164 83
24 42
124 102
16 144
24 99
21 132
137 186
151 95
164 22
14 142
88 67
36 72
101 119
37 18
109 36
78 118
62 24
182 159
90 151
156 50
187 40
28 61
145 99
149 70
16 80
96 101
69 39
187 39
173 116
18 133
187 36
110 191
114 28
63 96
111 127
113 81
78 116
83 20
74 148
31 20
48 189
14 132
63 105
188 82
52 164
187 69
166 39
162 113
37 96
66 150
179 26
169 162
170 32
167 78
63 15
162 165
42 132
63 21
136 15
31 149
45 101
25 71
180 156
99 115
36 18
51 171
63 195
68 114
156 175
152 176
110 163
15 144
144 156
152 63
59 172
181 30
83 130
151 185
23 144
48 155
173 72
26 38
108 150
38 112
32 19
131 141
138 183
176 49
33 128
162 159
174 116
101 189
19 73
183 159
175 111
77 13
129 117
152 184
53 184
85 75
40 35
19 44
51 168
50 165
152 185
30 20
84 120
123 102
138 184
133 62
55 111
40 185
34 38
27 61
132 42
133 174
147 77
178 162
134 104
73 128
121 108
151 85
179 154
43 58
35 93
173 96
157 78
26 61
21 146
25 97
19 45
140 156
60 47
53 126
25 38
61 176
93 108
24 38
180 100
63 14
178 152
32 27
132 75
21 47
61 165
18 132
128 100
46 49
40 21
186 68
177 162
26 60
169 127
157 143
52 182
18 131
30 21
91 29
134 18
151 57
68 71
101 190
50 57
85 67
107 134
162 166
85 76
168 33
50 116
188 56
40 186
71 30
178 163
173 95
136 185
187 37
157 175
23 38
93 178
113 143
41 185
190 82
87 14
104 71
81 171
86 137
21 131
129 103
78 12
157 176
36 178
130 22
94 125
82 187
41 149
188 40
62 14
125 163
61 17
33 125
183 160
164 24
94 34
93 45
145 125
14 143
14 144
88 61
58 21
170 41
118 131
36 96
65 150
177 37
151 186
35 178
21 147
131 118
94 85
175 116
54 65
93 33
115 29
66 67
169 148
131 190
109 89
42 68
133 26
181 161
128 83
35 179
45 102
88 58
39 98
176 116
67 194
111 72
31 131
71 24
113 104
57 77
95 34
146 98
44 101
77 167
178 164
24 100
111 38
103 176
102 180
32 150
109 118
20 131
187 38
34 178
23 37
20 145
13 143
155 121
184 160
126 146
117 158
36 174
94 102
154 110
95 35
43 75
77 142
143 66
133 70
134 76
12 135
13 144
47 32
24 145
176 152
178 32
178 24
87 42
18 44
57 20
189 83
33 178
25 99
80 163
166 19
171 24
163 45
29 20
180 154
166 132
162 117
74 128
29 19
32 135
132 124
136 72
58 193
179 99
72 190
71 112
141 85
162 34
28 19
164 149
67 188
124 178
181 154
120 60
157 177
38 129
32 178
188 69
77 180
136 28
37 142
165 52
169 128
154 109
27 19
32 58
55 75
67 195
35 125
38 185
39 99
166 49
142 117
83 25
66 76
158 177
93 46
150 66
102 102
149 135
12 134
130 21
96 150
61 166
152 104
190 81
67 68
101 141
104 189
187 32
64 27
99 114
129 30
153 184
115 141
139 144
146 58
97 70
99 112
157 145
116 167
60 150
115 110
87 50
109 31
150 185
64 189
50 105
48 110
154 175
114 183
20 147
15 80
36 17
32 18
138 12
144 29
184 29
148 76
152 179
187 68
152 186
111 165
21 48
30 149
45 153
48 190
101 117
121 74
30 37
41 166
49 127
188 36
141 117
120 161
184 161
121 173
167 123
183 35
110 112
185 161
19 43
18 73
122 164
45 30
181 153
63 13
23 96
28 142
176 151
163 166
36 173
80 164
40 187
38 186
172 152
21 49
158 176
83 80
29 62
65 125
152 187
182 153
61 88
51 64
179 76
77 99
126 103
192 79
120 119
60 46
18 43
162 27
78 11
17 145
139 13
59 43
43 117
63 182
167 19
50 93
105 148
78 114
22 147
45 69
53 164
122 38
124 81
24 47
32 151
12 143
39 115
189 36
35 180
33 127
130 20
74 121
14 131
177 116
152 42
193 79
168 101
189 57
14 80
68 179
144 145
169 126
82 102
17 73
187 61
107 100
91 151
93 179
61 99
121 103
147 161
78 161
87 116
73 168
168 148
32 152
64 133
156 177
45 121
56 44
17 72
109 30
189 37
138 11
190 57
188 83
87 13
18 42
37 186
141 142
32 75
85 19
123 178
109 29
43 111
35 96
114 27
153 186
119 93
30 58
116 182
50 37
91 31
149 49
92 35
172 39
22 96
142 126
162 131
113 159
170 128
34 66
177 164
85 18
61 185
190 36
169 27
31 178
166 18
36 186
31 179
139 11
92 84
141 73
172 57
172 56
176 117
51 33
61 16
17 42
119 51
179 25
157 178
122 165
131 116
89 108
141 126
117 138
178 116
96 132
146 112
182 78
154 108
96 106
161 53
25 145
16 42
164 166
80 113
103 74
114 26
164 167
101 191
54 189
122 145
183 158
13 131
38 18
32 28
65 139
68 39
180 99
190 58
140 13
92 29
39 116
104 81
74 39
152 188
81 147
177 165
69 23
137 12
18 45
121 137
31 74
188 32
42 165
165 93
62 132
150 50
13 130
179 77
22 37
108 126
78 52
87 80
106 38
130 191
32 153
159 110
34 180
41 187
91 28
55 142
77 169
45 122
129 144
40 54
77 128
91 153
115 97
184 159
53 60
147 104
43 165
16 43
82 123
38 143
155 177
145 81
142 79
54 22
112 67
153 185
151 99
75 154
134 17
180 101
38 83
113 26
21 130
84 137
84 15
180 102
169 129
39 111
157 84
124 60
125 138
34 148
189 84
152 45
101 192
170 115
62 61
55 64
129 99
25 88
162 102
36 16
80 116
40 166
102 169
181 102
25 100
35 20
132 54
114 62
94 45
33 142
52 41
113 25
100 187
169 163
71 163
37 16
126 83
55 19
19 72
124 39
34 181
30 22
181 57
118 51
20 148
88 13
154 107
91 27
147 23
47 127
131 90
177 151
130 134
101 193
192 80
61 147
91 163
67 107
53 71
94 92
13 145
58 20
88 14
32 29
95 45
24 101
184 158
38 17
161 33
124 74
189 85
32 32
73 33
34 132
37 146
12 136
109 85
132 55
70 163
87 12
81 13
53 123
38 115
22 132
89 41
20 47
180 162
177 24
100 125
189 35
126 72
96 75
148 23
33 124
170 129
79 11
176 150
137 11
148 147
25 98
152 87
96 34
36 54
180 153
107 80
139 10
83 107
81 131
22 95
22 135
140 10
171 123
157 179
116 86
74 20
59 185
12 144
78 160
180 32
21 129
178 57
75 67
79 10
68 38
57 91
166 133
179 116
183 157
164 76
117 62
166 17
47 190
90 70
84 155
143 65
126 104
112 167
87 15
107 189
115 103
130 137
164 168
113 64
157 90
72 115
55 43
14 81
29 18
136 117
175 29
40 165
50 76
181 162
154 186
183 153
101 194
67 98
49 57
169 164
171 129
153 183
25 95
165 40
121 102
84 14
51 122
137 10
49 42
117 137
79 9
151 48
47 145
138 185
184 28
20 149
125 155
92 135
188 41
116 31
105 114
86 184
72 191
171 128
94 87
182 102
134 67
169 165
11 134
42 59
128 117
122 173
169 156
55 62
50 23
164 52
159 85
187 62
31 73
140 164
103 177
174 102
43 110
181 152
47 189
154 184
13 129
51 156
141 13
31 180
159 99
186 77
46 43
39 84
33 151
115 142
37 15
25 70
129 21
156 103
134 81
43 26
130 192
142 96
49 130
73 191
23 132
173 73
50 150
182 162
46 142
24 102
178 23
125 137
16 41
64 194
171 122
164 114
163 22
185 160
123 123
164 169
95 93
178 22
151 188
161 73
191 36
126 78
100 190
169 166
81 23
14 82
119 131
95 44
40 53
57 180
70 144
61 181
53 59
35 173
91 26
65 24
108 185
92 28
151 44
88 50
113 151
17 78
118 135
188 62
66 24
162 31
91 37
53 163
135 187
73 105
148 22
24 48
98 77
78 39
52 154
43 44
15 131
157 123
107 190
141 89
171 130
15 133
178 21
157 72
11 133
179 164
60 57
16 133
83 56
171 28
112 26
182 101
137 116
89 61
129 29
129 22
109 56
171 25
11 144
26 88
35 80
63 34
130 151
125 89
192 36
61 115
70 164
111 26
96 133
45 49
18 145
194 79
12 130
53 22
30 178
190 83
164 111
126 124
55 18
93 180
44 134
82 175
81 17
103 131
173 102
48 181
189 56
21 149
172 28
30 177
189 32
136 11
148 183
118 68
46 144
141 48
160 110
29 58
164 21
67 76
166 16
130 193
158 143
90 36
176 48
83 175
59 142
50 102
177 150
189 86
84 185
44 135
87 161
25 60
100 193
107 60
165 16
21 128
67 174
134 140
54 19
46 110
123 190
32 17
24 103
113 107
88 12
86 17
53 24
162 44
37 42
36 33
36 15
85 66
74 135
138 176
31 82
74 106
23 133
180 30
44 153
190 35
26 71
191 37
35 97
160 115
163 101
38 142
167 16
138 67
61 73
142 13
54 18
29 177
50 69
192 37
86 163
110 57
141 172
107 48
86 19
137 47
27 20
44 165
49 191
50 53
27 18
177 149
172 130
93 36
141 135
64 13
73 85
151 130
99 88
111 25
37 25
98 93
178 98
170 101
133 83
180 116
88 95
21 150
188 42
71 128
109 163
189 31
88 11
87 102
184 153
19 147
130 65
185 81
154 106
145 62
57 94
83 21
159 86
178 20
30 131
139 157
54 17
20 150
21 50
71 17
22 149
189 87
34 97
164 91
156 150
135 73
152 67
140 138
158 175
185 159
182 100
159 67
108 29
10 144
137 9
65 13
34 144
15 43
189 78
32 16
169 83
53 95
131 126
23 101
66 71
41 188
146 97
73 192
165 92
45 116
188 31
158 112
73 193
32 154
52 163
188 43
17 45
19 150
159 169
127 165
109 116
89 42
94 70
111 145
185 153
35 186
64 178
113 24
180 115
189 43
30 176
57 183
164 35
95 83
36 187
93 28
188 55
41 189
179 22
32 124
150 130
22 36
180 117
88 153
167 159
181 151
47 89
152 41
195 79
13 82
171 45
147 86
123 124
128 22
84 21
13 128
168 19
26 70
46 24
188 77
30 175
186 153
69 182
160 83
39 18
41 190
95 108
51 175
30 174
28 177
185 162
137 50
177 22
103 72
148 21
88 15
106 60
113 28
159 78
192 35
68 33
37 112
55 178
19 151
51 157
101 169
159 176
30 180
29 22
177 20
38 148
109 32
66 26
145 29
167 148
66 13
127 161
93 131
164 146
44 66
27 70
13 146
32 155
188 68
180 103
88 142
26 95
163 168
43 70
38 24
79 73
123 173
170 166
60 59
157 173
143 179
32 73
172 129
151 189
42 70
170 162
31 16
122 65
70 162
109 134
137 164
72 160
27 177
148 20
41 99
171 166
17 46
24 104
21 151
70 165
18 151
13 83
183 102
17 71
32 123
150 188
36 172
42 111
44 102
25 39
22 50
105 74
172 122
185 152
27 176
134 185
115 183
94 28
21 36
164 125
183 28
25 61
83 73
36 188
115 28
17 41
91 40
25 139
80 135
166 92
176 165
27 95
31 155
23 104
100 88
184 102
53 38
49 192
69 96
80 146
166 77
192 34
30 73
58 168
63 188
151 190
49 65
128 21
33 85
87 184
21 35
180 157
186 162
30 16
184 64
96 83
34 186
154 128
169 147
173 129
168 20
51 93
38 116
45 167
62 75
167 15
135 104
100 144
119 71
127 35
36 20
83 37
154 187
62 13
119 100
180 164
72 39
148 161
70 17
94 176
57 170
148 162
102 170
191 38
151 182
118 175
139 9
80 60
160 33
114 25
161 52
147 140
147 20
190 43
90 26
10 145
175 110
187 153
128 84
44 121
26 176
38 128
66 122
96 33
140 183
152 189
79 90
107 71
165 19
30 57
137 115
180 25
120 193
112 64
177 148
41 191
92 180
151 61
173 117
44 110
173 94
32 128
138 157
117 135
26 139
185 80
172 71
97 69
180 118
79 29
81 62
172 131
86 118
29 91
185 42
127 162
79 120
31 28
181 116
115 26
96 157
89 11
27 21
48 82
178 165
124 111
173 28
165 166
24 105
72 193
51 101
121 191
113 29
28 48
74 40
138 145
65 151
68 193
160 176
13 80
191 58
42 131
30 28
123 122
80 92
138 60
40 191
60 16
18 152
26 19
88 16
21 34
179 21
155 186
167 147
47 184
120 58
107 52
65 126
34 173
113 23
46 109
186 159
126 183
52 176
174 29
39 166
150 189
55 80
190 56
148 69
151 84
159 33
29 180
181 164
60 15
179 51
170 167
176 110
151 191
151 163
140 9
47 48
16 78
64 119
111 73
25 87
89 10
97 34
86 88
67 84
24 71
47 169
110 72
53 58
120 158
50 192
170 147
79 30
124 147
123 98
170 146
191 43
158 85
177 60
78 35
53 17
137 13
85 44
89 14
141 9
179 20
18 150
73 187
117 167
180 165
62 183
73 127
73 186
14 43
50 22
119 137
182 164
158 130
32 156
31 181
133 55
178 166
185 151
24 72
140 181
60 129
63 52
167 133
109 127
84 59
45 48
31 15
128 110
51 158
190 42
183 100
150 191
179 50
176 22
179 118
196 79
179 119
101 85
21 95
82 131
129 28
79 116
173 93
49 193
25 176
150 138
165 80
170 130
57 188
36 189
113 110
94 130
37 149
12 82
54 130
90 27
48 184
33 45
176 162
61 13
30 132
179 19
195 80
153 189
154 188
154 80
35 15
74 192
189 88
60 195
24 106
172 132
169 84
89 15
88 51
184 103
165 15
14 44
143 82
21 33
89 12
165 68
178 167
187 154
139 185
143 55
34 182
31 89
80 93
149 21
172 24
163 43
25 177
156 104
182 116
177 72
175 109
176 164
62 12
138 32
161 82
142 116
102 95
109 160
132 53
188 154
97 170
136 12
145 112
13 43
158 111
25 19
166 64
112 24
192 33
144 32
50 99
175 63
60 110
47 40
183 38
180 39
74 180
120 189
175 165
11 82
28 38
145 30
191 44
52 71
174 129
111 24
156 186
143 42
57 193
168 16
157 186
142 9
42 136
106 143
64 132
111 191
158 179
93 27
137 8
87 185
95 114
14 141
150 21
24 19
59 20
35 189
179 103
72 183
150 20
68 40
130 194
53 16
114 23
130 133
91 160
83 98
142 68
122 124
185 150
163 95
47 182
102 171
169 16
170 168
136 8
65 175
20 33
69 113
189 44
61 46
190 86
185 149
38 15
17 152
57 92
132 78
131 189
10 134
133 17
150 121
18 153
152 101
25 103
63 82
179 78
113 98
74 175
43 109
143 180
125 69
159 32
155 171
133 173
155 153
188 63
102 194
156 85
142 136
42 191
157 142
69 164
130 69
149 191
29 181
90 14
131 193
81 146
178 97
12 128
77 170
174 128
46 140
165 39
28 49
40 75
90 101
162 82
183 156
104 158
72 159
136 187
109 82
140 48
37 59
186 163
87 182
128 165
89 16
19 33
95 28
24 37
32 59
100 98
17 70
61 75
133 84
171 39
80 177
36 43
43 164
142 78
151 20
33 97
128 109
134 180
31 14
56 114
24 176
90 11
170 95
136 7
139 110
12 43
76 61
136 45
180 104
56 193
97 111
74 107
103 110
185 102
96 81
156 165
81 159
94 114
161 158
39 191
12 127
170 131
106 114
185 148
160 175
46 70
182 115
164 15
79 66
23 139
86 20
113 113
176 36
52 171
89 50
67 196
67 13
93 181
14 79
110 114
49 43
193 33
50 156
73 130
180 20
23 149
85 163
172 70
175 129
84 22
169 19
24 20
72 177
128 39
88 10
24 61
157 180
109 191
73 142
171 50
28 18
22 51
84 147
183 164
43 191
66 52
25 106
137 45
12 126
28 181
32 157
182 165
142 12
128 29
197 79
155 165
141 80
159 179
122 98
21 42
160 99
12 44
181 118
164 14
138 8
19 32
144 28
154 189
12 80
83 171
147 58
12 45
11 43
89 58
157 185
87 186
16 71
175 154
27 181
31 13
101 195
48 193
22 144
187 67
31 12
149 158
145 173
96 35
93 174
20 73
110 135
168 18
175 28
66 151
90 44
101 72
144 22
124 148
14 45
113 66
9 134
135 7
46 33
130 181
141 8
122 195
188 155
26 18
88 9
9 135
108 28
90 69
85 171
25 178
165 26
59 129
182 166
85 54
154 172
112 128
77 153
26 175
18 32
97 68
61 83
104 144
45 81
13 147
185 147
162 83
108 54
101 180
40 18
151 192
141 7
125 147
15 145
36 14
55 183
63 148
171 30
182 167
64 98
37 115
165 146
30 90
187 42
27 22
191 45
37 97
107 28
17 81
150 192
12 147
64 21
30 150
108 191
163 35
169 15
38 60
80 9
188 35
41 184
34 189
152 20
109 141
49 194
129 194
189 40
179 18
65 32
114 108
135 8
23 131
49 195
35 73
61 69
140 184
36 13
192 38
13 84
156 115
188 44
138 37
75 66
75 105
88 8
164 84
17 32
195 78
144 44
86 116
89 51
12 79
66 12
160 32
181 20
130 179
144 68
26 174
20 36
63 51
152 19
36 145
180 114
62 88
186 164
12 46
127 21
23 176
17 69
100 72
162 84
70 25
53 26
196 80
26 106
185 146
177 167
111 23
137 51
58 63
115 184
25 179
166 119
17 150
26 173
95 36
136 6
38 127
127 143
49 196
158 33
18 130
73 159
86 158
22 151
106 48
101 185
164 154
144 21
116 163
63 189
56 79
126 155
155 47
89 8
147 138
86 141
24 18
79 188
68 195
47 147
151 193
127 20
174 109
79 140
49 111
143 143
77 98
154 190
118 43
161 175
38 117
152 18
27 182
166 105
116 26
44 154
23 19
99 87
11 79
21 127
126 20
189 89
107 182
139 129
112 191
12 84
175 128
65 152
106 70
102 173
20 86
121 106
11 126
113 132
44 150
95 85
38 136
183 79
12 125
137 117
153 164
82 188
174 73
22 52
144 33
80 139
47 90
171 54
115 189
82 156
88 7
11 130
192 32
125 20
113 120
179 17
107 49
22 127
169 14
124 177
72 192
146 161
134 77
118 105
155 61
153 179
178 119
184 104
185 145
31 124
66 70
47 22
151 194
74 97
126 141
178 41
72 168
157 187
15 71
84 33
124 20
113 160
23 18
49 165
71 46
34 20
12 85
77 33
21 96
40 192
49 156
192 58
191 42
162 175
142 135
70 166
98 68
187 83
90 98
90 68
37 76
152 56
171 168
38 166
114 22
177 97
97 133
53 124
134 7
22 152
117 26
12 124
140 62
84 153
80 189
163 175
185 103
73 28
162 35
145 144
37 150
182 168
110 111
71 16
128 161
59 108
67 151
121 159
14 42
152 21
72 105
127 22
51 176
58 141
62 30
151 162
21 97
27 183
142 120
56 147
159 180
124 138
115 190
189 155
150 44
186 165
137 89
36 40
176 43
178 120
163 176
74 52
41 36
74 154
33 156
151 75
92 136
18 69
96 73
193 58
170 14
155 126
179 120
40 193
15 70
22 150
60 196
78 141
156 47
126 19
141 74
18 154
34 30
127 117
132 153
122 37
184 27
130 132
14 70
175 103
118 85
165 91
17 47
24 178
144 56
83 123
183 101
64 152
126 125
59 15
136 154
187 165
60 17
23 178
86 180
108 103
12 137
97 33
128 115
94 174
187 166
90 58
188 165
89 48
161 110
170 111
27 184
77 11
86 186
95 176
22 53
35 78
126 137
85 20
21 84
19 31
183 168
54 190
188 166
160 86
17 31
177 168
39 176
26 172
150 193
189 166
180 17
103 166
190 155
67 26
23 179
32 122
147 19
39 74
181 17
109 131
183 43
171 169
186 31
134 53
172 133
31 156
141 56
39 19
181 16
189 30
146 72
168 129
16 134
10 126
73 194
132 72
129 149
144 42
178 148
105 60
36 115
169 52
67 89
23 175
72 84
169 80
168 126
164 66
58 45
164 113
170 54
119 117
149 48
33 46
48 30
98 67
176 168
22 101
111 22
158 161
60 151
52 66
9 144
149 193
154 191
160 179
138 7
22 102
153 180
30 124
33 189
91 11
96 28
182 30
186 102
44 31
62 130
119 168
72 30
17 154
51 159
196 81
67 99
92 181
30 12
42 63
184 145
12 123
68 164
100 180
94 162
70 128
182 118
47 21
88 57
85 51
141 127
22 19
52 125
158 56
92 11
66 89
22 54
42 149
115 133
20 96
150 194
69 61
20 49
182 17
118 26
148 163
171 14
80 145
151 195
189 69
103 91
16 31
126 18
191 78
145 111
171 146
79 8
63 128
139 15
35 84
161 179
138 64
124 19
182 20
107 150
124 173
142 7
121 165
63 75
22 45
22 80
171 44
66 102
160 63
41 193
75 31
21 101
22 38
31 182
41 68
156 67
36 71
17 68
158 142
191 155
114 180
97 161
127 181
97 106
123 192
137 35
190 166
150 153
144 121
196 78
181 15
133 187
126 184
151 138
29 131
91 174
177 26
137 111
63 140
49 177
119 135
31 11
192 45
38 191
93 102
81 139
50 166
63 33
22 178
169 111
143 9
128 180
191 86
12 122
189 29
124 21
22 153
180 15
90 117
37 89
32 144
189 77
182 114
133 88
73 24
125 125
91 14
156 172
152 75
109 77
128 59
67 38
72 127
26 59
143 8
167 126
90 71
67 83
44 179
27 23
92 14
170 104
183 118
40 19
133 154
87 11
143 122
82 36
156 84
77 89
137 6
68 73
167 82
33 87
184 26
102 151
88 89
146 176
104 119
161 27
157 172
192 44
32 129
9 145
180 120
21 102
173 131
76 159
152 131
123 138
94 173
134 6
93 14
161 86
161 28
50 94
133 104
153 104
54 16
181 114
176 169
115 43
174 45
74 146
173 92
8 145
162 179
134 82
177 169
86 13
26 182
55 16
37 191
41 194
37 166
97 35
181 46
67 12
30 155
109 42
11 122
28 178
93 11
27 17
67 180
191 87
26 145
164 176
94 120
36 12
60 13
104 92
126 126
79 86
46 21
62 165
137 163
173 74
11 85
109 78
29 23
153 41
171 70
174 108
26 184
159 161
115 27
95 175
32 158
89 27
34 19
47 183
46 23
39 100
182 113
58 97
40 164
165 176
93 47
117 25
140 69
28 91
164 100
84 172
164 40
196 82
183 17
11 86
55 193
161 178
68 182
132 17
12 86
131 103
88 39
87 7
68 76
23 54
148 171
26 58
178 169
104 162
99 187
176 129
32 132
71 187
127 19
106 49
10 86
81 67
124 55
89 121
149 130
142 6
98 66
61 191
123 77
127 160
186 42
106 39
166 85
141 178
130 136
32 11
41 195
147 18
189 28
19 30
8 134
118 44
50 177
182 15
177 147
170 13
99 93
16 30
177 59
187 102
184 105
36 191
80 8
186 145
59 82
143 128
132 119
20 30
61 183
170 12
116 170
22 154
168 78
94 169
94 146
151 196
128 61
30 56
80 7
142 100
57 41
78 44
152 43
73 195
111 184
81 163
20 50
180 98
187 33
142 41
136 104
135 82
61 146
173 91
113 185
83 94
160 147
147 127
190 167
180 14
147 166
17 40
33 190
150 196
11 46
32 66
170 94
152 191
84 23
182 151
135 74
187 162
32 189
41 21
91 58
93 79
179 165
186 30
188 28
144 41
176 170
188 87
78 8
69 83
67 139
45 149
166 176
190 44
28 184
23 134
58 81
9 86
162 116
183 105
26 17
22 85
111 21
24 46
133 87
168 21
129 61
183 20
187 145
93 26
